[gd_scene load_steps=3 format=3 uid="uid://04oiajsb4r4u"]

[ext_resource type="Script" uid="uid://bea7y4hurcesx" path="res://Utilities/scripts/interactable.gd" id="1_1vrhh"]
[ext_resource type="PackedScene" uid="uid://ml4kn25ykoyy" path="res://Assets/props/keg/keg.tscn" id="1_mlk4r"]

[node name="Kegs" type="Node3D"]
script = ExtResource("1_1vrhh")

[node name="keg" parent="." instance=ExtResource("1_mlk4r")]
transform = Transform3D(0.965926, 0, -0.258819, 0, 1, 0, 0.258819, 0, 0.965926, 0.268425, -0.201374, -1.02467)

[node name="keg2" parent="." instance=ExtResource("1_mlk4r")]
transform = Transform3D(-0.5, 0, -0.866025, 0, 1, 0, 0.866025, 0, -0.5, 1.48545, -0.201374, -0.396375)

[node name="keg3" parent="." instance=ExtResource("1_mlk4r")]
transform = Transform3D(-0.271654, -0.766044, 0.582563, -0.906308, -3.9616e-08, -0.422618, 0.323744, -0.642788, -0.694272, 0.811285, -0.327664, 0.490275)

[node name="keg4" parent="." instance=ExtResource("1_mlk4r")]
transform = Transform3D(0.984808, 0, 0.173648, 0, 1, 0, -0.173648, 0, 0.984808, -0.964726, -0.201374, 1.61887)
